Table for function t*(y-x^2)^2 + (1-x)^2: 
t	fCount
0	49
0.1	457
0.2	457
0.3	321
0.4	317
0.5	317
0.6	317
0.7	445
0.8	445
0.9	313
1	313
1.1	445
1.2	577
1.3	577
1.4	709
1.5	709
1.6	709
1.7	709
1.8	841
1.9	841
2	841
2.1	841
2.2	841
2.3	973
2.4	973
2.5	973
2.6	973
2.7	973
2.8	973
2.9	973
3	973
3.1	973
3.2	973
3.3	1105
3.4	1105
3.5	1105
3.6	1105
3.7	1105
3.8	1105
3.9	1105
4	1105
4.1	1237
4.2	1237
4.3	1237
4.4	1237
4.5	1237
4.6	1237
4.7	1237
4.8	1237
4.9	1237
5	1237
5.1	1237
5.2	1237
5.3	1237
5.4	1237
5.5	1237
5.6	1237
5.7	1237
5.8	1237
5.9	1237
6	1237
6.1	1237
6.2	1237
6.3	1237
6.4	1237
6.5	1237
6.6	1237
6.7	1369
6.8	1369
6.9	1369
7	1369
7.1	1369
7.2	1369
7.3	1369
7.4	1369
7.5	1369
7.6	1369
7.7	1369
7.8	1369
7.9	1369
8	1369
8.1	1501
8.2	1501
8.3	1501
8.4	1501
8.5	1501
8.6	1501
8.7	1501
8.8	1501
8.9	1501
9	1501
9.1	1501
9.2	1501
9.3	1501
9.4	1501
9.5	1501
9.6	1501
9.7	1501
9.8	1501
9.9	1501
10	1501
10.1	1501
10.2	1501
10.3	1501
10.4	1501
10.5	1501
10.6	1501
10.7	1501
10.8	1501
10.9	1501
11	1501
11.1	1501
11.2	1501
11.3	1501
11.4	1501
11.5	1501
11.6	1501
11.7	1501
11.8	1501
11.9	1501
12	1501
12.1	1501
12.2	1501
12.3	1501
12.4	1501
12.5	1501
12.6	1501
12.7	1501
12.8	1501
12.9	1501
13	1501
13.1	1501
13.2	1501
13.3	1501
13.4	1501
13.5	1501
13.6	1501
13.7	1501
13.8	1501
13.9	1501
14	1501
14.1	1501
14.2	1501
14.3	1501
14.4	1501
14.5	1501
14.6	1501
14.7	1501
14.8	1501
14.9	1501
15	1501
15.1	1501
15.2	1501
15.3	1501
15.4	1501
15.5	1501
15.6	1501
15.7	1501
15.8	1501
15.9	1501
16	1501
16.1	1501
16.2	1501
16.3	1501
16.4	1501
16.5	1501
16.6	1501
16.7	1501
16.8	1501
16.9	1501
17	1501
17.1	1501
17.2	1501
17.3	1501
17.4	1501
17.5	1501
17.6	1501
17.7	1501
17.8	1501
17.9	1501
18	1501
18.1	1501
18.2	1501
18.3	1501
18.4	1501
18.5	1501
18.6	1501
18.7	1501
18.8	1501
18.9	1501
19	1501
19.1	1369
19.2	1369
19.3	1369
19.4	1369
19.5	1369
19.6	1237
19.7	1237
19.8	1237
19.9	1237
20	1237
20.1	1237
20.2	1237
20.3	1237
20.4	1237
20.5	1237
20.6	1237
20.7	1237
20.8	1237
20.9	1105
21	1105
21.1	973
21.2	973
21.3	973
21.4	973
21.5	973
21.6	973
21.7	841
21.8	709
21.9	709
22	709
22.1	577
22.2	445
22.3	445
22.4	445
22.5	445
22.6	445
22.7	445
22.8	445
22.9	445
23	445
23.1	445
23.2	709
23.3	709
23.4	709
23.5	709
23.6	841
23.7	973
23.8	973
23.9	973
24	973
24.1	973
24.2	973
24.3	1105
24.4	1105
24.5	1237
24.6	1237
24.7	1237
24.8	1237
24.9	1237
25	1237
25.1	1237
25.2	1237
25.3	1237
25.4	1237
25.5	1369
25.6	1369
25.7	1369
25.8	1501
25.9	1501
26	1501
26.1	1501
26.2	1501
26.3	1501
26.4	1501
26.5	1501
26.6	1501
26.7	1501
26.8	1501
26.9	1501
27	1501
27.1	1501
27.2	1501
27.3	1501
27.4	1501
27.5	1501
27.6	1633
27.7	1633
27.8	1633
27.9	1633
28	1633
28.1	1765
28.2	1765
28.3	1765
28.4	1765
28.5	1765
28.6	1765
28.7	1765
28.8	1765
28.9	1765
29	1765
29.1	1765
29.2	1765
29.3	1765
29.4	1765
29.5	1765
29.6	1765
29.7	1765
29.8	1765
29.9	1765
30	1765
30.1	1765
30.2	1765
30.3	1765
30.4	1765
30.5	1765
30.6	1765
30.7	1765
30.8	1765
30.9	1765
31	1765
31.1	1765
31.2	1897
31.3	1765
31.4	1897
31.5	1897
31.6	1897
31.7	1897
31.8	1897
31.9	1897
32	2029
32.1	2029
32.2	2029
32.3	2029
32.4	2029
32.5	2029
32.6	2029
32.7	2029
32.8	2029
32.9	2029
33	2029
33.1	2029
33.2	2029
33.3	2029
33.4	2029
33.5	2029
33.6	2029
33.7	2029
33.8	2029
33.9	2029
34	2029
34.1	2029
34.2	2029
34.3	2029
34.4	2029
34.5	2029
34.6	2029
34.7	2029
34.8	2029
34.9	2029
35	2029
35.1	2029
35.2	2029
35.3	2029
35.4	2029
35.5	2029
35.6	2029
35.7	2029
35.8	2029
35.9	2029
36	2029
36.1	2029
36.2	2029
36.3	2029
36.4	2029
36.5	2029
36.6	2029
36.7	2029
36.8	2029
36.9	2029
37	2029
37.1	2029
37.2	2029
37.3	2029
37.4	2029
37.5	2029
37.6	2029
37.7	2029
37.8	2029
37.9	2029
38	2029
38.1	2029
38.2	2029
38.3	2029
38.4	2029
38.5	2029
38.6	2029
38.7	2029
38.8	2029
38.9	2029
39	2029
39.1	2029
39.2	2029
39.3	2029
39.4	2029
39.5	2029
39.6	2029
39.7	2029
39.8	2029
39.9	2029
40	2029
40.1	2029
40.2	2029
40.3	2029
40.4	2029
40.5	2029
40.6	2029
40.7	2029
40.8	2029
40.9	2029
41	2029
41.1	2029
41.2	2029
41.3	2029
41.4	2029
41.5	2029
41.6	2029
41.7	2029
41.8	2029
41.9	2029
42	2029
42.1	2029
42.2	2029
42.3	2029
42.4	2029
42.5	2029
42.6	2029
42.7	2029
42.8	2029
42.9	2029
43	2029
43.1	2029
43.2	2029
43.3	2029
43.4	2029
43.5	2029
43.6	2029
43.7	2029
43.8	2029
43.9	2029
44	2029
44.1	2029
44.2	2029
44.3	2029
44.4	2029
44.5	2029
44.6	2029
44.7	2029
44.8	2029
44.9	2029
45	2029
45.1	2029
45.2	2029
45.3	2029
45.4	2029
45.5	1897
45.6	1897
45.7	2029
45.8	1897
45.9	1897
46	1897
46.1	1765
46.2	1765
46.3	1765
46.4	1765
46.5	1765
46.6	1765
46.7	1765
46.8	1765
46.9	1765
47	1765
47.1	1765
47.2	1765
47.3	1765
47.4	1765
47.5	1765
47.6	1765
47.7	1765
47.8	1765
47.9	1765
48	1765
48.1	1765
48.2	1765
48.3	1633
48.4	1633
48.5	1633
48.6	1501
48.7	1633
48.8	1501
48.9	1501
49	1501
49.1	1501
49.2	1501
49.3	1501
49.4	1501
49.5	1501
49.6	1501
49.7	1501
49.8	1501
49.9	1369
50	1369
50.1	1237
50.2	1237
50.3	1237
50.4	1237
50.5	1237
50.6	1237
50.7	1237
50.8	1237
50.9	1237
51	973
51.1	973
51.2	973
51.3	973
51.4	973
51.5	973
51.6	973
51.7	973
51.8	709
51.9	709
52	709
52.1	709
52.2	445
52.3	445
52.4	445
52.5	445
52.6	445
52.7	445
52.8	445
52.9	445
53	445
53.1	445
53.2	445
53.3	445
53.4	445
53.5	399
53.6	399
53.7	445
53.8	445
53.9	445
54	445
54.1	445
54.2	445
54.3	445
54.4	445
54.5	445
54.6	445
54.7	445
54.8	445
54.9	709
55	709
55.1	709
55.2	709
55.3	709
55.4	841
55.5	973
55.6	973
55.7	973
55.8	1105
55.9	973
56	1105
56.1	1237
56.2	1237
56.3	1237
56.4	1237
56.5	1237
56.6	1237
56.7	1237
56.8	1501
56.9	1501
57	1501
57.1	1501
57.2	1501
57.3	1501
57.4	1501
57.5	1501
57.6	1501
57.7	1501
57.8	1633
57.9	1765
58	1633
58.1	1765
58.2	1765
58.3	1765
58.4	1765
58.5	1765
58.6	1765
58.7	1765
58.8	1765
58.9	1765
59	1765
59.1	1765
59.2	1765
59.3	1765
59.4	2029
59.5	2029
59.6	2029
59.7	2029
59.8	2029
59.9	2029
60	2029
60.1	2029
60.2	2029
60.3	2029
60.4	2029
60.5	2029
60.6	2029
60.7	2029
60.8	2029
60.9	2029
61	2161
61.1	2029
61.2	2293
61.3	2293
61.4	2293
61.5	2293
61.6	2293
61.7	2293
61.8	2293
61.9	2293
62	2293
62.1	2293
62.2	2293
62.3	2293
62.4	2293
62.5	2293
62.6	2293
62.7	2293
62.8	2293
62.9	2293
63	2425
63.1	2293
63.2	2557
63.3	2425
63.4	2557
63.5	2557
63.6	2557
63.7	2557
63.8	2557
63.9	2557
64	2557
64.1	2557
64.2	2557
64.3	2557
64.4	2557
64.5	2557
64.6	2557
64.7	2557
64.8	2557
64.9	2557
65	2557
65.1	2557
65.2	2557
65.3	2557
65.4	2557
65.5	2689
65.6	2821
65.7	2821
65.8	2821
65.9	2689
66	2821
66.1	2821
66.2	2821
66.3	2821
66.4	2821
66.5	2821
66.6	2821
66.7	2821
66.8	2821
66.9	2821
67	2821
67.1	2821
67.2	2821
67.3	2821
67.4	2821
67.5	2821
67.6	2821
67.7	2821
67.8	2821
67.9	2821
68	2821
68.1	2821
68.2	2821
68.3	2821
68.4	2953
68.5	2821
68.6	2953
68.7	3085
68.8	3085
68.9	3085
69	3085
69.1	2821
69.2	3085
69.3	3085
69.4	3085
69.5	3085
69.6	3085
69.7	3085
69.8	3085
69.9	3085
70	3085
70.1	3085
70.2	3085
70.3	3085
70.4	3085
70.5	3085
70.6	3085
70.7	3085
70.8	3085
70.9	3085
71	3085
71.1	3085
71.2	3085
71.3	3085
71.4	3217
71.5	3217
71.6	3085
71.7	3217
71.8	3085
71.9	3085
72	3349
72.1	3349
72.2	3349
72.3	3349
72.4	3349
72.5	3349
72.6	3349
72.7	3349
72.8	3349
72.9	3349
73	3349
73.1	3349
73.2	3349
73.3	3349
73.4	3349
73.5	3349
73.6	3349
73.7	3349
73.8	3349
73.9	3349
74	3349
74.1	3349
74.2	3349
74.3	3349
74.4	3349
74.5	3349
74.6	3349
74.7	3613
74.8	3349
74.9	3349
75	3481
75.1	3613
75.2	3481
75.3	3349
75.4	3481
75.5	3481
75.6	3613
75.7	3613
75.8	3613
75.9	3613
76	3613
76.1	3349
76.2	3613
76.3	3613
76.4	3613
76.5	3613
76.6	3613
76.7	3613
76.8	3613
76.9	3613
77	3613
77.1	3613
77.2	3613
77.3	3613
77.4	3613
77.5	3613
77.6	3613
77.7	3613
77.8	3613
77.9	3613
78	3613
78.1	3613
78.2	3613
78.3	3613
78.4	3613
78.5	3613
78.6	3613
78.7	3613
78.8	3745
78.9	3613
79	3877
79.1	3613
79.2	3745
79.3	3877
79.4	3745
79.5	3613
79.6	3877
79.7	3877
79.8	3877
79.9	3877
80	3877
80.1	3877
80.2	3613
80.3	3877
80.4	3877
80.5	3745
80.6	3877
80.7	3877
80.8	3877
80.9	3877
81	3877
81.1	3877
81.2	3877
81.3	3877
81.4	3877
81.5	3877
81.6	3877
81.7	3877
81.8	3877
81.9	3877
82	3877
82.1	4009
82.2	3877
82.3	4009
82.4	4141
82.5	3877
82.6	4141
82.7	3877
82.8	3877
82.9	4141
83	4141
83.1	3877
83.2	4141
83.3	3877
83.4	4141
83.5	4141
83.6	4141
83.7	4141
83.8	3877
83.9	4141
84	4141
84.1	4141
84.2	3877
84.3	4141
84.4	3877
84.5	4141
84.6	4141
84.7	4141
84.8	4141
84.9	4141
85	4141
85.1	4141
85.2	4141
85.3	4141
85.4	4141
85.5	4141
85.6	4141
85.7	4141
85.8	4405
85.9	4141
86	4141
86.1	4141
86.2	4141
86.3	4141
86.4	4141
86.5	4141
86.6	4141
86.7	4141
86.8	4141
86.9	4405
87	4405
87.1	4141
87.2	4273
87.3	4141
87.4	4141
87.5	4405
87.6	4273
87.7	4405
87.8	4405
87.9	4405
88	4141
88.1	4405
88.2	4405
88.3	4141
88.4	4405
88.5	4141
88.6	4405
88.7	4273
88.8	4405
88.9	4405
89	4405
89.1	4405
89.2	4405
89.3	4405
89.4	4405
89.5	4405
89.6	4405
89.7	4405
89.8	4405
89.9	4405
90	4405
90.1	4405
90.2	4405
90.3	4405
90.4	4405
90.5	4405
90.6	4405
90.7	4405
90.8	4405
90.9	4405
91	4405
91.1	4405
91.2	4405
91.3	4405
91.4	4405
91.5	4405
91.6	4405
91.7	4405
91.8	4669
91.9	4537
92	4405
92.1	4669
92.2	4405
92.3	4669
92.4	4669
92.5	4405
92.6	4669
92.7	4405
92.8	4669
92.9	4405
93	4669
93.1	4669
93.2	4537
93.3	4405
93.4	4669
93.5	4669
93.6	4669
93.7	4669
93.8	4669
93.9	4669
94	4669
94.1	4669
94.2	4669
94.3	4669
94.4	4669
94.5	4669
94.6	4933
94.7	4669
94.8	4669
94.9	4405
95	4669
95.1	4669
95.2	4669
95.3	4669
95.4	4669
95.5	4669
95.6	4669
95.7	4669
95.8	4669
95.9	4669
96	4933
96.1	4669
96.2	4669
96.3	4933
96.4	4933
96.5	4669
96.6	4933
96.7	4669
96.8	4669
96.9	4933
97	4669
97.1	4933
97.2	4669
97.3	4669
97.4	4669
97.5	4933
97.6	4933
97.7	4669
97.8	4669
97.9	4933
98	4933
98.1	4933
98.2	4669
98.3	4933
98.4	4669
98.5	4933
98.6	4933
98.7	4933
98.8	4669
98.9	4669
99	4933
99.1	5065
99.2	4933
99.3	4669
99.4	4933
99.5	4933
99.6	4933
99.7	4933
99.8	4933
99.9	4933
