x0 = $(-1, 0)^T$, eps = 1e-07, penaltyExporent = 0.5
startPenaltyCoef	iter	fCount	restriction_value	grad.norm()
1.1	11	31741	7.634395177e-08	0.9764239534
1.2	11	32734	8.277513938e-08	0.9764368435
1.3	11	22335	8.916479102e-08	0.976449336
1.4	11	33123	9.55167456e-08	0.9764614549
1.5	12	35431	5.34550539e-08	0.97637478
1.6	12	33664	5.676701979e-08	0.97638227
1.7	12	49846	6.006339794e-08	0.9763895976
1.8	12	47335	6.334550997e-08	0.9763967309
1.9	12	32804	6.661382249e-08	0.9764037438
2	12	33128	6.98692245e-08	0.9764106261
2.1	12	34117	7.311263075e-08	0.976417338
2.2	12	41637	7.634395177e-08	0.9764239534
2.3	12	50910	7.956524528e-08	0.9764304621
2.4	12	33494	8.277513938e-08	0.9764368435
2.5	12	36738	8.597464414e-08	0.9764431374
2.6	12	23263	8.916479102e-08	0.976449336
2.7	12	22471	9.234541765e-08	0.9764554426
2.8	12	33891	9.55167456e-08	0.9764614549
2.9	12	25687	9.867970765e-08	0.9764673752
3	13	36192	5.34550539e-08	0.97637478
3.1	13	35263	5.511313199e-08	0.9763785432
3.2	13	34430	5.676701979e-08	0.97638227
3.3	13	34051	5.841712389e-08	0.9763859503
3.4	13	50607	6.006339794e-08	0.9763895976
3.5	13	33752	6.170627657e-08	0.9763931824
3.6	13	48099	6.334550997e-08	0.9763967309
3.7	13	34615	6.498125972e-08	0.9764002828
3.8	13	33560	6.661382249e-08	0.9764037438
3.9	13	33740	6.824294337e-08	0.9764071855
4	13	33888	6.98692245e-08	0.9764106261
4.1	13	48251	7.14920706e-08	0.9764139997
4.2	13	35032	7.311263075e-08	0.976417338
4.3	13	36451	7.472981916e-08	0.9764206594
4.4	13	43446	7.634395177e-08	0.9764239534
4.5	13	38758	7.795609352e-08	0.9764272236
4.6	13	51652	7.956524528e-08	0.9764304621
4.7	13	36382	8.11710283e-08	0.9764336687
4.8	13	34258	8.277513938e-08	0.9764368435
4.9	13	35083	8.437551664e-08	0.9764400103
5	13	37649	8.597464414e-08	0.9764431374
5.1	13	25010	8.757059291e-08	0.9764462407
5.2	13	27092	8.916479102e-08	0.976449336
5.3	13	23361	9.075603965e-08	0.9764523916
5.4	13	23390	9.234541765e-08	0.9764554426
5.5	13	38660	9.393196902e-08	0.976458455
5.6	13	34649	9.55167456e-08	0.9764614549
5.7	13	22862	9.709928291e-08	0.976464423
5.8	13	26598	9.867970765e-08	0.9764673752
5.9	14	41407	5.262512816e-08	0.9763728547
6	14	37103	5.34550539e-08	0.97637478
6.1	14	38656	5.428484868e-08	0.976376669
6.2	14	35872	5.511313199e-08	0.9763785432
6.3	14	48200	5.594039992e-08	0.9763804128
6.4	14	46110	5.676701979e-08	0.97638227
6.5	14	43977	5.759243585e-08	0.976384101
6.6	14	34811	5.841712389e-08	0.9763859503
6.7	14	35129	5.924098768e-08	0.9763877597
6.8	14	51814	6.006339794e-08	0.9763895976
6.9	14	35616	6.088502501e-08	0.9763913843
7	14	34654	6.170627657e-08	0.9763931824
7.1	14	49489	6.252605222e-08	0.9763949646
7.2	14	49007	6.334550997e-08	0.9763967309
7.3	14	42654	6.416373203e-08	0.9763984972
7.4	14	34936	6.498125972e-08	0.9764002828
7.5	14	35785	6.579777714e-08	0.9764020173
7.6	14	34314	6.661382249e-08	0.9764037438
7.7	14	34814	6.742888568e-08	0.9764054783
7.8	14	34948	6.824294337e-08	0.9764071855
7.9	14	34673	6.905666795e-08	0.9764089234
8	14	34632	6.98692245e-08	0.9764106261
8.1	14	40446	7.068131297e-08	0.9764123015
8.2	14	56400	7.14920706e-08	0.9764139997
8.3	14	34767	7.230278622e-08	0.9764156626
8.4	14	35776	7.311263075e-08	0.976417338
8.5	14	34616	7.392171669e-08	0.9764190203
8.6	14	41224	7.472981916e-08	0.9764206594
8.7	14	34460	7.553754658e-08	0.9764223109
8.8	14	44473	7.634395177e-08	0.9764239534
8.9	14	34821	7.715051493e-08	0.9764255891
9	14	39506	7.795609352e-08	0.9764272236
9.1	14	47285	7.876070402e-08	0.9764288389
9.2	14	52871	7.956524528e-08	0.9764304621
9.3	14	40384	8.036839832e-08	0.9764320773
9.4	14	35771	8.11710283e-08	0.9764336687
9.5	14	35152	8.197294466e-08	0.9764352566
9.6	14	36482	8.277513938e-08	0.9764368435
9.7	14	37768	8.357542005e-08	0.9764384428
9.8	14	35831	8.437551664e-08	0.9764400103
9.9	14	35925	8.51755947e-08	0.9764415938
10	14	36821	8.597464414e-08	0.9764431374
10.1	14	37287	8.677290168e-08	0.9764446891
10.2	14	25913	8.757059291e-08	0.9764462407
10.3	14	23511	8.83678044e-08	0.9764478071
10.4	14	25077	8.916479102e-08	0.976449336
10.5	14	28060	8.996068164e-08	0.9764508592
10.6	14	24107	9.075603965e-08	0.9764523916
10.7	14	25853	9.155098455e-08	0.9764539194
10.8	14	24294	9.234541765e-08	0.9764554426
10.9	14	24914	9.313892145e-08	0.9764569351
11	14	39245	9.393196902e-08	0.976458455
11.1	14	26655	9.472477329e-08	0.976459943
11.2	14	35699	9.55167456e-08	0.9764614549
11.3	14	25081	9.630832145e-08	0.976462935
11.4	14	23620	9.709928291e-08	0.976464423
11.5	14	37013	9.788962121e-08	0.9764659031
11.6	14	27344	9.867970765e-08	0.9764673752
11.7	14	26297	9.946916738e-08	0.9764688553
11.8	15	39721	5.262512816e-08	0.9763728547
11.9	15	36591	5.304020521e-08	0.9763738174
12	15	38001	5.34550539e-08	0.97637478
12.1	15	36786	5.387018574e-08	0.9763757109
12.2	15	39557	5.428484868e-08	0.976376669
12.3	15	36280	5.469924762e-08	0.9763776078
12.4	15	36889	5.511313199e-08	0.9763785432
12.5	15	46641	5.552682852e-08	0.976379474
12.6	15	50399	5.594039992e-08	0.9763804128
12.7	15	38312	5.635374084e-08	0.9763813278
12.8	15	37287	5.676701979e-08	0.97638227
12.9	15	42059	5.717987204e-08	0.9763832009
13	15	40148	5.759243585e-08	0.976384101
13.1	15	39520	5.800486189e-08	0.9763850353
13.2	15	35712	5.841712389e-08	0.9763859503
13.3	15	41819	5.882913161e-08	0.9763868572
13.4	15	36028	5.924098768e-08	0.9763877597
13.5	15	66909	5.965180741e-08	0.9763886792
13.6	15	43691	6.006339794e-08	0.9763895976
13.7	15	47317	6.047413457e-08	0.9763904932
13.8	15	36367	6.088502501e-08	0.9763913843
13.9	15	36463	6.129576891e-08	0.9763922754
14	15	35265	6.170627657e-08	0.9763931824
14.1	15	49456	6.211631969e-08	0.9763940769
14.2	15	51997	6.252605222e-08	0.9763949646
14.3	15	45556	6.293577411e-08	0.9763958511
14.4	15	49906	6.334550997e-08	0.9763967309
14.5	15	39101	6.375444948e-08	0.9763976254
14.6	15	43404	6.416373203e-08	0.9763984972
14.7	15	38296	6.457251566e-08	0.9763993724
14.8	15	35525	6.498125972e-08	0.9764002828
14.9	15	43134	6.53896132e-08	0.9764011341
15	15	36527	6.579777714e-08	0.9764020173
15.1	15	40114	6.620606305e-08	0.9764028811
15.2	15	35215	6.661382249e-08	0.9764037438
15.3	15	38412	6.702124332e-08	0.976404611
15.4	15	35749	6.742888568e-08	0.9764054783
15.5	15	36217	6.783611244e-08	0.9764063376
15.6	15	35683	6.824294337e-08	0.9764071855
15.7	15	41793	6.864996414e-08	0.9764080448
15.8	15	35419	6.905666795e-08	0.9764089234
15.9	15	36208	6.946277468e-08	0.9764097475
16	15	35962	6.98692245e-08	0.9764106261
16.1	15	34902	7.027536387e-08	0.9764114581
16.2	15	41188	7.068131297e-08	0.9764123015
16.3	15	48797	7.108675821e-08	0.9764131449
16.4	15	49741	7.14920706e-08	0.9764139997
16.5	15	43216	7.18977582e-08	0.9764148431
16.6	15	35679	7.230278622e-08	0.9764156626
16.7	15	36912	7.270751956e-08	0.9764165219
16.8	15	37261	7.311263075e-08	0.976417338
16.9	15	42531	7.351732547e-08	0.9764181928
17	15	35366	7.392171669e-08	0.9764190203
17.1	15	49380	7.432574401e-08	0.9764198364
17.2	15	41962	7.472981916e-08	0.9764206594
17.3	15	39094	7.513350977e-08	0.9764214869
17.4	15	35202	7.553754658e-08	0.9764223109
17.5	15	36541	7.594078805e-08	0.9764231305
17.6	15	43479	7.634395177e-08	0.9764239534
17.7	15	41182	7.674741068e-08	0.9764247968
17.8	15	35565	7.715051493e-08	0.9764255891
17.9	15	37707	7.755317844e-08	0.97642642
18	15	40407	7.795609352e-08	0.9764272236
18.1	15	39173	7.835853316e-08	0.9764280352
18.2	15	52508	7.876070402e-08	0.9764288389
18.3	15	36469	7.916273313e-08	0.9764296505
18.4	15	53144	7.956524528e-08	0.9764304621
18.5	15	36890	7.996665647e-08	0.9764312543
18.6	15	41126	8.036839832e-08	0.9764320773
18.7	15	39164	8.076949329e-08	0.976432873
18.8	15	38490	8.11710283e-08	0.9764336687
18.9	15	37116	8.157223721e-08	0.9764344644
19	15	35898	8.197294466e-08	0.9764352566
19.1	15	36724	8.237389187e-08	0.9764360478
19.2	15	41966	8.277513938e-08	0.9764368435
19.3	15	35868	8.317546375e-08	0.9764376471
19.4	15	39266	8.357542005e-08	0.9764384428
19.5	15	36076	8.397558212e-08	0.9764392146
19.6	15	36573	8.437551664e-08	0.9764400103
19.7	15	35528	8.477563686e-08	0.9764407981
19.8	15	36694	8.51755947e-08	0.9764415938
19.9	15	35679	8.557537996e-08	0.9764423656
