x0 = $(-1, 0)^T$, eps = 1e-07, penaltyExporent = 2
startPenaltyCoef	iter	fCount	restriction_value	grad.norm()
1.1	4	16513	2.535344379e-09	22.73748008
1.2	4	26088	2.456249604e-09	23.49921489
1.3	4	6863	3.579936347e-09	25.07862869
1.4	4	13196	7.65710908e-09	22.43608236
1.5	4	30211	4.148867916e-09	26.57855905
1.6	4	5631	5.044569207e-10	28.20455166
1.7	4	15569	3.74905369e-09	29.90102952
1.8	4	12987	1.782605423e-08	28.55795793
1.9	4	28348	5.664798408e-10	26.5480657
2	3	22046	1.396182725e-08	21.77293851
2.1	3	16013	3.636695212e-09	22.39948976
2.2	3	24073	2.535344379e-09	22.73748471
2.3	3	10916	6.416536813e-09	23.15480512
2.4	3	3063	3.938733073e-09	23.49921929
2.5	3	22328	1.434403707e-09	24.27229191
2.6	3	3081	3.14138866e-09	25.07863267
2.7	3	15982	2.937093768e-09	23.78317783
2.8	3	14915	9.083843366e-09	22.43608236
2.9	3	15357	2.698002177e-09	25.7961928
3	3	14881	2.791004761e-09	26.57855905
3.1	3	19451	3.892409772e-09	27.38195461
3.2	3	21558	5.069011877e-10	28.20455166
3.3	3	17641	1.500443503e-09	29.04473103
3.4	3	4177	2.29234729e-09	29.90102651
3.5	3	16655	1.733189325e-08	29.60288495
3.6	3	17418	8.126862383e-09	28.55795793
3.7	3	23059	5.511189727e-10	27.53870979
3.8	3	18735	5.665135916e-10	26.54807791
3.9	2	3094	4.708016377e-09	21.75228352
4	2	13556	9.299334636e-09	21.77293851
4.1	2	2432	1.04844208e-08	22.02118455
4.2	2	15583	3.636695212e-09	22.39948976
4.3	2	21902	1.563884044e-09	22.20568153
4.4	2	2370	4.125222119e-09	22.73748471
4.5	2	5566	2.783113739e-09	23.121074
4.6	2	6518	2.619181139e-09	23.15479963
4.7	2	17007	6.097923855e-09	22.33629885
4.8	2	12147	3.14447135e-09	23.49921489
4.9	2	3492	2.939177701e-09	23.88138967
5	2	23465	6.169971201e-09	24.27229191
5.1	2	2867	2.416459832e-09	24.67150021
5.2	2	12395	1.238860037e-09	25.07862869
5.3	2	1612	1.257247284e-08	24.5026931
5.4	2	17152	1.008283057e-09	23.78318215
5.5	2	10284	1.813314832e-09	23.09338894
5.6	2	6243	7.463777507e-09	22.43608236
5.7	2	9592	5.680038573e-09	21.81417015
5.8	2	23137	4.010732013e-09	25.7961868
5.9	2	18270	3.677630289e-09	26.18462707
6	2	2094	2.790226716e-09	26.57855905
6.1	2	15731	4.889102456e-09	26.97774678
6.2	2	17824	2.251416831e-09	27.38194768
6.3	2	1917	6.091287474e-09	27.79095048
6.4	2	1591	2.270604682e-09	28.20455795
6.5	2	16235	2.309015645e-09	28.62254273
6.6	2	22483	5.758748145e-10	29.04473103
6.7	2	5817	5.820651516e-10	29.47095808
6.8	2	13670	3.343137323e-09	29.90102308
6.9	2	1758	1.555894054e-08	30.13413189
7	2	1766	6.737272074e-09	29.60287854
7.1	2	15545	1.034121802e-08	29.0773813
7.2	2	16160	1.464584614e-08	28.55795161
7.3	2	16198	5.437103212e-10	28.04495553
7.4	2	17119	5.5105982e-10	27.53871322
7.5	2	15010	4.893458971e-09	27.03961111
7.6	2	14660	4.95866459e-09	26.54807181
7.7	1	13964	5.327184471e-10	21.65684479
7.8	1	13408	4.461414704e-09	21.75228849
7.9	1	946	2.092103868e-09	21.84927515
8	1	13460	7.226365284e-09	21.77293851
8.1	1	4680	2.174953417e-09	22.0777971
8.2	1	12123	1.471757738e-09	22.02118942
8.3	1	2345	4.975813184e-09	22.21101511
8.4	1	14368	2.318658332e-09	22.39948976
8.5	1	10682	5.36472422e-10	22.59112527
8.6	1	7167	8.039679233e-09	22.20568153
8.7	1	783	7.709746841e-09	21.77438795
8.8	1	786	6.350116166e-09	22.73748471
8.9	1	4321	1.959047546e-09	22.92790624
9	1	2578	4.391363273e-09	23.121074
9.1	1	632	5.40230003e-09	23.31693498
9.2	1	2567	6.317648449e-09	23.15479963
9.3	1	3727	7.413134773e-09	22.73892987
9.4	1	9960	6.148576492e-09	22.33629885
9.5	1	535	8.237460047e-09	21.94761071
9.6	1	3273	5.123487767e-09	23.49921929
9.7	1	989	3.176847185e-09	23.68918743
9.8	1	12801	1.000106664e-09	23.88138967
9.9	1	538	2.698772406e-09	24.07577674
10	1	14395	4.361968564e-09	24.27229765
10.1	1	1959	8.150285336e-10	24.47088554
10.2	1	11667	2.029794732e-09	24.67150021
10.3	1	536	1.854320342e-09	24.87409665
10.4	1	2018	3.580250407e-09	25.07862869
10.5	1	426	1.115796455e-08	24.87279771
10.6	1	12574	3.244429703e-09	24.5026931
10.7	1	745	2.094036455e-09	24.13938268
10.8	1	6666	1.014593369e-08	23.78317783
10.9	1	13342	2.132920773e-09	23.43440697
11	1	424	1.633149882e-08	23.09339347
11.1	1	7528	4.147539645e-10	22.76049966
11.2	1	6690	5.346958432e-09	22.43607707
11.3	1	13721	2.364539498e-09	22.12051452
11.4	1	10073	2.799328502e-09	21.81418019
11.5	1	435	3.972832063e-09	25.60410298
11.6	1	13726	7.772587907e-10	25.7961868
11.7	1	15742	5.112034795e-10	25.98971193
11.8	1	3805	1.720589804e-09	26.18462102
11.9	1	15742	5.193712571e-10	26.38092209
12	1	12574	2.790812914e-09	26.57855905
12.1	1	15742	5.278798731e-10	26.77751437
12.2	1	15356	1.106121506e-09	26.97775294
12.3	1	14492	3.438647234e-09	27.17923403
12.4	1	12959	1.990090581e-09	27.38195461
12.5	1	12573	2.217304118e-09	27.58586567
12.6	1	15741	5.497714284e-10	27.79096011
12.7	1	446	5.516756829e-10	27.99718658
12.8	1	446	5.04445552e-10	28.20455795
12.9	1	14973	2.290726941e-09	28.41300859
13	1	13341	5.645226508e-10	28.62254907
13.1	1	426	6.284259824e-09	28.83313407
13.2	1	428	5.288558924e-09	29.04473103
13.3	1	15735	5.802375025e-10	29.25735265
13.4	1	12567	9.414039326e-10	29.47095808
13.5	1	14963	2.7700362e-09	29.68551021
13.6	1	11409	3.749059729e-09	29.90102008
13.7	1	14855	2.636492757e-09	21.56420138
13.8	1	1296	1.309417135e-08	30.13413485
13.9	1	13994	1.7208915e-08	29.86780954
14	1	4547	1.733034516e-08	29.60287212
14.1	1	317	1.745358231e-08	29.33939574
14.2	1	14386	1.190862875e-08	29.07739082
14.3	1	13504	2.962287349e-09	28.81690407
14.4	1	13896	1.464584614e-08	28.55795161
14.5	1	14383	1.043367104e-08	28.3006334
14.6	1	14677	5.437103212e-10	28.04495553
14.7	1	13501	4.795498398e-09	27.79095386
14.8	1	14677	5.510992551e-10	27.53870979
14.9	1	13501	4.860802827e-09	27.28823411
15	1	13501	4.893425665e-09	27.03961111
15.1	1	14677	5.623305377e-10	26.79286632
15.2	1	14937	5.664663405e-10	26.54807181
15.3	1	14383	1.100909084e-08	26.30526227
15.4	1	14383	1.108102516e-08	26.06451297
15.5	1	15069	5.779012824e-10	25.82586171
15.6	1	13893	5.089391308e-09	25.58938703
15.7	1	14381	8.361202397e-09	25.35512011
15.8	1	15557	1.026438756e-09	25.12316257
15.9	1	14283	2.688355671e-09	24.89355879
16	1	15557	1.039374808e-09	24.66636867
16.1	1	14283	2.722150017e-09	24.44166721
16.2	1	15557	1.052402965e-09	24.2195218
16.3	1	13989	1.720206795e-08	24.00000199
16.4	1	14381	1.256826536e-08	23.78318347
16.5	1	14283	2.7897884e-09	23.56914799
16.6	1	14283	7.355419473e-09	23.35793889
16.7	1	15554	9.604911089e-10	23.14966744
16.8	1	309	2.274369386e-08	22.94441638
16.9	1	309	1.968249754e-08	22.74225423
17	1	13986	1.582713116e-08	22.54325507
17.1	1	868	1.468204998e-08	22.34751367
17.2	1	14278	2.834815049e-09	22.15513127
17.3	1	14670	1.600668842e-09	21.9661712
17.4	1	14764	4.354242567e-09	21.78072214
17.5	1	13111	6.284441856e-09	33.26902563
17.6	1	13895	1.234149494e-09	33.46211798
17.7	1	15953	7.158289961e-10	33.65565451
17.8	1	15953	7.200155139e-10	33.84966468
17.9	1	13503	4.452170277e-09	34.04414123
18	1	321	7.077178843e-09	34.23904668
18.1	1	14284	7.116496503e-09	34.43440309
18.2	1	14284	7.155814163e-09	34.63019587
18.3	1	14284	7.195123697e-09	34.82640232
18.4	1	14284	7.234441313e-09	35.02303749
18.5	1	14284	7.273767144e-09	35.22006986
18.6	1	14284	7.313093064e-09	35.41751272
18.7	1	14284	7.352402465e-09	35.61535266
18.8	1	14284	7.391728474e-09	35.81357633
18.9	1	14284	7.431029392e-09	36.01220649
19	1	14284	7.470355445e-09	36.21119188
19.1	1	14284	7.509673106e-09	36.41055343
19.2	1	14284	7.548982239e-09	36.61028471
19.3	1	14284	7.588308426e-09	36.81036657
19.4	1	14284	7.627617471e-09	37.01080003
19.5	1	14284	7.666943747e-09	37.21160598
19.6	1	14284	7.706252703e-09	37.41273863
19.7	1	14284	7.745579067e-09	37.61421016
19.8	1	14284	7.784887934e-09	37.8159975
19.9	1	14284	7.824214387e-09	38.01812953
